85
CAN_1_bin.98_ppk1                   0.0000000 0.1661956 0.2043819 0.2113470 0.2223411 0.2183263 0.2240692 0.2240848 0.2425576 0.2366324 0.2366324 0.2456249 0.2406111 0.2384377 0.2382068 0.2209406 0.2458633 0.2458633 0.2460961 0.2344430 0.2062354 0.2053954 0.1993263 0.1993263 0.1961515 0.2054257 0.2054257 0.2271594 0.2119758 0.1732278 0.3451284 0.6671991 0.2240848 0.2258632 0.2358482 0.1996918 0.2358541 0.2287821 0.2422955 0.2331407 0.2008543 0.2119595 0.2371422 0.1960619 0.2336527 0.2315818 0.2333339 0.2355507 0.2299639 0.2047449 0.2343866 0.1940797 0.1905330 0.2026592 0.2026863 0.1683385 0.2324650 0.1902972 0.2331150 0.2228401 0.2266056 0.2433751 0.2426103 0.2192438 0.2217539 0.2213732 0.2117281 0.2048789 0.2281159 0.2515149 0.2422851 0.2004292 0.2178304 0.2215615 0.1962874 0.2301461 0.2196140 0.2208115 0.2025100 0.1986471 0.2148063 0.2479827 0.1994243 0.4794733 0.6292504 
CAN_4_bin.64_ppk1                   0.1661956 0.0000000 0.1933999 0.1974330 0.2090652 0.2228098 0.2116965 0.2107319 0.2359619 0.2731120 0.2731120 0.2657412 0.2662874 0.2327873 0.2325663 0.2236714 0.2666867 0.2666867 0.2669997 0.2452034 0.1938526 0.1943776 0.1887990 0.1887990 0.1825246 0.2061019 0.2061019 0.2262126 0.2028786 0.0096563 0.3252870 0.6037889 0.2107319 0.2200220 0.2621740 0.1845504 0.2445554 0.2305514 0.2357082 0.2594385 0.1870144 0.1990725 0.2697970 0.1938220 0.2282309 0.2305470 0.2279200 0.2495360 0.2351269 0.1603611 0.2080391 0.1766189 0.1732418 0.1865393 0.1960184 0.2002254 0.2233822 0.1985970 0.2489542 0.2491855 0.2531423 0.2443226 0.2464720 0.2398735 0.2428885 0.2421928 0.1965491 0.1856078 0.2449497 0.2326851 0.2225655 0.1947684 0.2405223 0.2128394 0.1885647 0.2238681 0.2422644 0.2399139 0.1854457 0.1853615 0.2101959 0.2676845 0.1934479 0.4887548 0.6402514 
coasm_bin.185_ppk1                  0.2043819 0.1933999 0.0000000 0.1178328 0.2345587 0.2355302 0.2311593 0.2318003 0.2483304 0.2626660 0.2626660 0.2746462 0.2648413 0.2414115 0.2411284 0.2364100 0.2749272 0.2749272 0.2752735 0.2413449 0.0018949 0.0004720 0.0216698 0.0216698 0.1094870 0.1185331 0.1185331 0.2486140 0.1235762 0.1956224 0.3398393 0.6221808 0.2318003 0.2328968 0.2620195 0.0226822 0.2490573 0.2509180 0.2480653 0.2622805 0.0191152 0.1192057 0.2421731 0.1307426 0.2459858 0.2338649 0.2456490 0.2606462 0.2232667 0.1140217 0.1522609 0.1083289 0.1055522 0.1387468 0.1490568 0.1557303 0.2019845 0.1362095 0.2606527 0.2258984 0.2295739 0.2498278 0.2618976 0.2428426 0.2458346 0.2442742 0.1187908 0.1218921 0.2585094 0.2485806 0.2554881 0.2019152 0.2484824 0.1257364 0.1216549 0.2452550 0.2396777 0.2748981 0.0016254 0.0000010 0.2064911 0.2486613 0.0278450 0.5171035 0.6761923 
coasm_bin.250_ppk1                  0.2113470 0.1974330 0.1178328 0.0000000 0.2509682 0.2306636 0.2394442 0.2554345 0.2434563 0.2806048 0.2806048 0.2729479 0.2749102 0.2293864 0.2290932 0.2297698 0.2732222 0.2732222 0.2735566 0.2606988 0.1178566 0.1181252 0.1125991 0.1125991 0.0898791 0.0958708 0.0958708 0.2556356 0.0300654 0.2030498 0.3453589 0.6711550 0.2554345 0.2280956 0.2694070 0.1121005 0.2715052 0.2486886 0.2436690 0.2672623 0.1117643 0.0023791 0.2691756 0.1032031 0.2344243 0.2228259 0.2341127 0.2502170 0.2264768 0.0863999 0.1669692 0.0783804 0.0783667 0.1482451 0.1533974 0.1676339 0.1984055 0.1426586 0.2463486 0.2523050 0.2561612 0.2554797 0.2664715 0.2429950 0.2460114 0.2444368 0.0304860 0.0036336 0.2527696 0.2568660 0.2514700 0.2249526 0.2552067 0.0366009 0.0387160 0.2537270 0.2590454 0.2742157 0.1258713 0.1207767 0.2437079 0.2851737 0.1154918 0.5178950 0.6816787 
coasm_bin.347_ppk1                  0.2223411 0.2090652 0.2345587 0.2509682 0.0000000 0.2140275 0.2140705 0.0057285 0.2253991 0.2350340 0.2350340 0.2264885 0.2347909 0.2264174 0.2254781 0.2144147 0.2273454 0.2273454 0.2275042 0.2172197 0.2349870 0.2334396 0.2206847 0.2206847 0.2369756 0.2446280 0.2446280 0.1962888 0.2486429 0.2110501 0.3337153 0.6051499 0.0057285 0.2050039 0.2274202 0.2162973 0.2048118 0.2197124 0.2251512 0.2266821 0.2229189 0.2502492 0.2165024 0.2242907 0.1902791 0.1904809 0.1900271 0.2047421 0.1865336 0.2187740 0.2406019 0.2240817 0.2203463 0.2350398 0.2479532 0.2281895 0.2783451 0.2264453 0.1986803 0.1964713 0.2000462 0.1897741 0.1957676 0.1960354 0.1964573 0.1980236 0.2331442 0.2276871 0.2156583 0.2353698 0.2212723 0.0354782 0.2087050 0.2429563 0.2125771 0.1842558 0.2072564 0.2155144 0.2195294 0.2114845 0.0055885 0.2119930 0.2255810 0.4891915 0.6492238 
GCA_000584955.2_BALNIADD_02612      0.2183263 0.2228098 0.2355302 0.2306636 0.2140275 0.0000000 0.0691207 0.2146016 0.0517625 0.2397119 0.2397119 0.2359447 0.2309683 0.0474137 0.0485333 0.0014139 0.2368047 0.2368047 0.2369957 0.2157875 0.2381580 0.2366294 0.2317937 0.2317937 0.2291231 0.2425438 0.2425438 0.1956973 0.2277127 0.2228751 0.3780771 0.6962794 0.2146016 0.0506881 0.2249878 0.2280060 0.1807002 0.1961897 0.0512072 0.2251900 0.2322136 0.2323630 0.2275376 0.2392848 0.1726972 0.1588076 0.1724770 0.1766149 0.1920610 0.2254552 0.2493497 0.2177672 0.2140164 0.2379342 0.2437061 0.2297822 0.2676359 0.2277734 0.1707174 0.2247486 0.2284914 0.1800278 0.1818244 0.1787980 0.1804917 0.1806566 0.2265594 0.2333438 0.1665316 0.0573672 0.0514256 0.1935245 0.2051827 0.2384599 0.2286539 0.1768837 0.2076072 0.2030322 0.2476634 0.2265605 0.2095335 0.2343185 0.2351973 0.5182715 0.7088861 
GCA_000585035.2_BIOCIAGG_04430      0.2240692 0.2116965 0.2311593 0.2394442 0.2140705 0.0691207 0.0000000 0.2128813 0.0838717 0.2239726 0.2239726 0.2241718 0.2157516 0.0797640 0.0778242 0.0708859 0.2250118 0.2250118 0.2251597 0.1910471 0.2315821 0.2322436 0.2298643 0.2298643 0.2251960 0.2433617 0.2433617 0.1925481 0.2242336 0.2144531 0.3776358 0.6995797 0.2128813 0.0800412 0.2119967 0.2278733 0.1726652 0.1890149 0.0832603 0.2096673 0.2302854 0.2411630 0.2022669 0.2364171 0.1453006 0.1540770 0.1451230 0.1762834 0.1624030 0.2236142 0.2411738 0.2080985 0.2044664 0.2188265 0.2236587 0.2352734 0.2568894 0.2432730 0.1712670 0.1898620 0.1933429 0.1741835 0.1726722 0.1720776 0.1767350 0.1738825 0.2253286 0.2417664 0.1559217 0.0915478 0.0845656 0.1843693 0.1965413 0.2414284 0.2291723 0.1711086 0.1952171 0.2003261 0.2309286 0.2101018 0.2064498 0.2019302 0.2332449 0.5000502 0.6532248 
GCA_000024165.1_DGOCCOHL_01070      0.2240848 0.2107319 0.2318003 0.2554345 0.0057285 0.2146016 0.2128813 0.0000000 0.2253655 0.2343198 0.2343198 0.2305382 0.2359146 0.2252295 0.2242883 0.2149917 0.2314053 0.2314053 0.2315799 0.2185424 0.2322323 0.2306884 0.2197652 0.2197652 0.2389909 0.2462190 0.2462190 0.1932029 0.2518717 0.2127280 0.3379512 0.6131119 0.0000010 0.2051809 0.2307638 0.2153871 0.2022914 0.2167386 0.2251170 0.2300247 0.2219980 0.2546948 0.2159392 0.2241787 0.1895721 0.1897644 0.1893198 0.2040715 0.1858158 0.2232933 0.2401039 0.2249413 0.2211807 0.2345232 0.2474868 0.2304931 0.2769654 0.2258792 0.1979862 0.1974917 0.2010934 0.1880893 0.1932328 0.1960221 0.1964437 0.1980101 0.2360828 0.2327269 0.2156431 0.2371244 0.2207524 0.0314585 0.2081331 0.2494988 0.2132811 0.1827239 0.2066814 0.2183156 0.2194589 0.2081265 0.0009215 0.2096001 0.2246570 0.4938478 0.6557838 
GCA_000584975.2_FLOKBKCF_00068      0.2425576 0.2359619 0.2483304 0.2434563 0.2253991 0.0517625 0.0838717 0.2253655 0.0000000 0.2474471 0.2474471 0.2490695 0.2387567 0.0357742 0.0325919 0.0523160 0.2504505 0.2504505 0.2506954 0.2235795 0.2510279 0.2494693 0.2510380 0.2510380 0.2390987 0.2613102 0.2613102 0.2082736 0.2338735 0.2387170 0.3992856 0.7205839 0.2253655 0.0015977 0.2444777 0.2470291 0.1806956 0.2080643 0.0014113 0.2419386 0.2514303 0.2422693 0.2516107 0.2630408 0.1834843 0.2020374 0.1832460 0.2102688 0.2099664 0.2408919 0.2938123 0.2344450 0.2305559 0.2514704 0.2956547 0.2785242 0.3022446 0.2678861 0.2037639 0.2581144 0.2620626 0.1883885 0.1983809 0.2168143 0.2192672 0.2189218 0.2444117 0.2478887 0.2017854 0.0026871 0.0381988 0.2244941 0.2267458 0.2591254 0.2483851 0.1816537 0.2292241 0.2129827 0.2626561 0.2454768 0.2373042 0.2668302 0.2540671 0.5287964 0.7082627 
GCA_000585015.1_JPAJMACA_00169      0.2366324 0.2731120 0.2626660 0.2806048 0.2350340 0.2397119 0.2239726 0.2343198 0.2474471 0.0000000 0.0000010 0.1089799 0.1206907 0.2362305 0.2387272 0.2419273 0.1090461 0.1090461 0.1088154 0.0999002 0.2637330 0.2638576 0.2634672 0.2634672 0.2630941 0.2833165 0.2833165 0.2599961 0.2742698 0.2773199 0.3669062 0.6735343 0.2343198 0.2456202 0.1158546 0.2649763 0.2291038 0.2478558 0.2465346 0.1149867 0.2638367 0.2792997 0.1154459 0.2708525 0.1953101 0.2051307 0.1950592 0.2126965 0.1983024 0.2451893 0.2354346 0.2327670 0.2327106 0.2120864 0.2201618 0.2509216 0.2754183 0.2473179 0.2056394 0.1035144 0.1062562 0.2038051 0.2099543 0.2089775 0.2095604 0.2110524 0.2541374 0.2418516 0.2368849 0.2482120 0.2336932 0.1978880 0.2531431 0.2546476 0.2560742 0.2110611 0.2485954 0.2544204 0.2562846 0.2315480 0.2045617 0.1120134 0.2685491 0.5083967 0.6618361 
GCA_002345285.1_NKDODKIB_03753      0.2366324 0.2731120 0.2626660 0.2806048 0.2350340 0.2397119 0.2239726 0.2343198 0.2474471 0.0000010 0.0000000 0.1089799 0.1206907 0.2362305 0.2387272 0.2419273 0.1090461 0.1090461 0.1088154 0.0999002 0.2637330 0.2638576 0.2634672 0.2634672 0.2630941 0.2833165 0.2833165 0.2599961 0.2742698 0.2773199 0.3669062 0.6735343 0.2343198 0.2456202 0.1158546 0.2649763 0.2291038 0.2478558 0.2465346 0.1149867 0.2638367 0.2792997 0.1154459 0.2708525 0.1953101 0.2051307 0.1950592 0.2126965 0.1983024 0.2451893 0.2354346 0.2327670 0.2327106 0.2120864 0.2201618 0.2509216 0.2754183 0.2473179 0.2056394 0.1035144 0.1062562 0.2038051 0.2099543 0.2089775 0.2095604 0.2110524 0.2541374 0.2418516 0.2368849 0.2482120 0.2336932 0.1978880 0.2531431 0.2546476 0.2560742 0.2110611 0.2485954 0.2544204 0.2562846 0.2315480 0.2045617 0.1120134 0.2685491 0.5083967 0.6618361 
GCA_003542235.1_LHMBCMGL_01997      0.2456249 0.2657412 0.2746462 0.2729479 0.2264885 0.2359447 0.2241718 0.2305382 0.2490695 0.1089799 0.1089799 0.0000000 0.1151028 0.2467862 0.2447079 0.2368231 0.0009442 0.0009442 0.0009478 0.0831158 0.2750391 0.2758875 0.2689270 0.2689270 0.2638467 0.2722039 0.2722039 0.2697312 0.2789262 0.2708286 0.3688921 0.6865771 0.2305382 0.2434456 0.1066544 0.2678306 0.2272202 0.2588936 0.2481461 0.1058247 0.2692915 0.2713596 0.1103022 0.2654921 0.2133456 0.2107914 0.2130577 0.2414149 0.2024902 0.2399779 0.2766552 0.2452776 0.2452156 0.2377117 0.2538239 0.2495184 0.3063968 0.2512096 0.2335564 0.0896585 0.0923366 0.2222871 0.2278413 0.2232248 0.2240388 0.2253605 0.2622249 0.2507283 0.2463130 0.2512233 0.2337387 0.2289707 0.2613508 0.2716558 0.2545739 0.2226800 0.2566910 0.2447193 0.2599514 0.2484228 0.2232086 0.0978757 0.2707135 0.5441586 0.6767313 
GCA_005524045.1_CHBPCNLK_00370      0.2406111 0.2662874 0.2648413 0.2749102 0.2347909 0.2309683 0.2157516 0.2359146 0.2387567 0.1206907 0.1206907 0.1151028 0.0000000 0.2334779 0.2332512 0.2283067 0.1151734 0.1151734 0.1149631 0.0620580 0.2669895 0.2660471 0.2596254 0.2596254 0.2629666 0.2741018 0.2741018 0.2672086 0.2773767 0.2761017 0.3723837 0.7072955 0.2359146 0.2334565 0.0643001 0.2623987 0.2325531 0.2567541 0.2378583 0.0629165 0.2619210 0.2747590 0.0018481 0.2622581 0.1820641 0.1907296 0.1818357 0.1998503 0.1660088 0.2503317 0.2784980 0.2437782 0.2398548 0.2222212 0.2458230 0.2575799 0.2874565 0.2466179 0.1908740 0.0533561 0.0557032 0.2050457 0.2075922 0.2029369 0.2034111 0.2049399 0.2622196 0.2558627 0.2430954 0.2393212 0.2234340 0.2051305 0.2590924 0.2734648 0.2624190 0.2067284 0.2544836 0.2214162 0.2463493 0.2317477 0.2041866 0.0582635 0.2666723 0.5148706 0.6719710 
GCA_000987395.1_IJAMOEGB_03109      0.2384377 0.2327873 0.2414115 0.2293864 0.2264174 0.0474137 0.0797640 0.2252295 0.0357742 0.2362305 0.2362305 0.2467862 0.2334779 0.0000000 0.0028327 0.0479619 0.2481536 0.2481536 0.2483885 0.2233525 0.2422390 0.2425219 0.2369826 0.2369826 0.2350259 0.2537672 0.2537672 0.2065520 0.2245608 0.2333239 0.3862201 0.7183646 0.2252295 0.0366081 0.2319645 0.2331555 0.1896410 0.2036496 0.0352445 0.2295113 0.2373931 0.2310821 0.2404729 0.2475769 0.1762300 0.1825972 0.1760038 0.1978052 0.1974388 0.2286645 0.2597061 0.2135955 0.2135441 0.2388444 0.2741750 0.2358990 0.2787150 0.2391648 0.1915424 0.2347406 0.2385306 0.1961671 0.2015235 0.1972464 0.1992742 0.1991990 0.2205975 0.2276090 0.1884617 0.0565376 0.0541195 0.2196436 0.2144097 0.2356080 0.2201027 0.1932770 0.2135880 0.2047319 0.2552281 0.2321048 0.2317340 0.2405178 0.2403988 0.5166994 0.6816095 
GCA_005889575.1_AEPCJOJA_01401      0.2382068 0.2325663 0.2411284 0.2290932 0.2254781 0.0485333 0.0778242 0.2242883 0.0325919 0.2387272 0.2387272 0.2447079 0.2332512 0.0028327 0.0000000 0.0490833 0.2460680 0.2460680 0.2462949 0.2208902 0.2419568 0.2422398 0.2366933 0.2366933 0.2347377 0.2535001 0.2535001 0.2066982 0.2208922 0.2352960 0.3876402 0.7097611 0.2242883 0.0366081 0.2317396 0.2328628 0.1876879 0.2046667 0.0320670 0.2292903 0.2371049 0.2307902 0.2404729 0.2475769 0.1762300 0.1825972 0.1760038 0.1978052 0.1974388 0.2286645 0.2597061 0.2135955 0.2135441 0.2388444 0.2741750 0.2358990 0.2787150 0.2391648 0.1915424 0.2347406 0.2385306 0.1961671 0.2015235 0.1972464 0.1992742 0.1991990 0.2205975 0.2276090 0.1884617 0.0565376 0.0541195 0.2196436 0.2144097 0.2356080 0.2201027 0.1932770 0.2135880 0.2047319 0.2552281 0.2321048 0.2317340 0.2405178 0.2401138 0.5175373 0.6768549 
GCA_002425405.1_NLEBCEFB_01950      0.2209406 0.2236714 0.2364100 0.2297698 0.2144147 0.0014139 0.0708859 0.2149917 0.0523160 0.2419273 0.2419273 0.2368231 0.2283067 0.0479619 0.0490833 0.0000000 0.2376846 0.2376846 0.2378788 0.2146772 0.2390411 0.2375113 0.2326712 0.2326712 0.2299853 0.2447720 0.2447720 0.1965083 0.2268216 0.2237366 0.3792565 0.6972332 0.2149917 0.0513103 0.2240955 0.2288750 0.1814830 0.1953462 0.0517599 0.2242965 0.2330896 0.2314677 0.2223330 0.2437323 0.1710159 0.1571753 0.1707982 0.1772940 0.1937494 0.2272912 0.2552754 0.2195829 0.2158219 0.2359837 0.2495640 0.2316652 0.2696337 0.2258423 0.1713750 0.2228293 0.2265614 0.1816701 0.1834722 0.1794314 0.1811397 0.1812967 0.2248540 0.2316219 0.1710539 0.0584327 0.0524639 0.1942015 0.2035443 0.2367122 0.2269473 0.1783501 0.2059658 0.2046208 0.2492229 0.2282715 0.2102777 0.2324995 0.2360785 0.5196871 0.7107302 
GCA_002345025.1_KFEAILBB_02335      0.2458633 0.2666867 0.2749272 0.2732222 0.2273454 0.2368047 0.2250118 0.2314053 0.2504505 0.1090461 0.1090461 0.0009442 0.1151734 0.2481536 0.2460680 0.2376846 0.0000000 0.0000010 0.0000010 0.0831728 0.2753203 0.2761707 0.2692000 0.2692000 0.2652925 0.2736689 0.2736689 0.2711966 0.2792083 0.2717861 0.3660691 0.6856096 0.2314053 0.2449780 0.1067181 0.2681015 0.2280645 0.2603373 0.2495247 0.1058877 0.2695644 0.2716305 0.1104311 0.2682900 0.2160043 0.2148231 0.2157117 0.2443711 0.2050690 0.2427945 0.2786826 0.2481654 0.2481024 0.2405663 0.2557287 0.2514540 0.3086138 0.2531506 0.2364416 0.0897643 0.0924466 0.2240419 0.2296275 0.2257140 0.2265713 0.2278675 0.2627071 0.2511728 0.2489650 0.2538881 0.2362850 0.2305951 0.2641037 0.2721618 0.2550349 0.2242612 0.2594149 0.2473458 0.2603878 0.2488805 0.2248636 0.0979865 0.2709888 0.5413829 0.6732691 
GCA_003487685.1_BPGNMNNK_01401      0.2458633 0.2666867 0.2749272 0.2732222 0.2273454 0.2368047 0.2250118 0.2314053 0.2504505 0.1090461 0.1090461 0.0009442 0.1151734 0.2481536 0.2460680 0.2376846 0.0000010 0.0000000 0.0000010 0.0831728 0.2753203 0.2761707 0.2692000 0.2692000 0.2652925 0.2736689 0.2736689 0.2711966 0.2792083 0.2717861 0.3660691 0.6856096 0.2314053 0.2449780 0.1067181 0.2681015 0.2280645 0.2603373 0.2495247 0.1058877 0.2695644 0.2716305 0.1104311 0.2682900 0.2160043 0.2148231 0.2157117 0.2443711 0.2050690 0.2427945 0.2786826 0.2481654 0.2481024 0.2405663 0.2557287 0.2514540 0.3086138 0.2531506 0.2364416 0.0897643 0.0924466 0.2240419 0.2296275 0.2257140 0.2265713 0.2278675 0.2627071 0.2511728 0.2489650 0.2538881 0.2362850 0.2305951 0.2641037 0.2721618 0.2550349 0.2242612 0.2594149 0.2473458 0.2603878 0.2488805 0.2248636 0.0979865 0.2709888 0.5413829 0.6732691 
GCA_000584995.1_NPHLOHBO_00818      0.2460961 0.2669997 0.2752735 0.2735566 0.2275042 0.2369957 0.2251597 0.2315799 0.2506954 0.1088154 0.1088154 0.0009478 0.1149631 0.2483885 0.2462949 0.2378788 0.0000010 0.0000010 0.0000000 0.0827952 0.2756676 0.2765222 0.2680135 0.2680135 0.2655988 0.2740072 0.2740072 0.2715267 0.2795647 0.2721197 0.3668590 0.6883779 0.2315799 0.2452297 0.1064826 0.2684208 0.2273521 0.2606268 0.2497661 0.1056501 0.2698892 0.2719573 0.1104311 0.2682900 0.2160043 0.2148231 0.2157117 0.2443711 0.2050690 0.2427945 0.2786826 0.2481654 0.2481024 0.2405663 0.2557287 0.2514540 0.3086138 0.2531506 0.2364416 0.0897643 0.0924466 0.2240419 0.2296275 0.2257140 0.2265713 0.2278675 0.2627071 0.2511728 0.2489650 0.2538881 0.2362850 0.2305951 0.2641037 0.2721618 0.2550349 0.2242612 0.2594149 0.2473458 0.2603878 0.2488805 0.2248636 0.0979865 0.2698035 0.5376077 0.6719409 
GCA_000585095.1_DDBAAEFF_02735      0.2344430 0.2452034 0.2413449 0.2606988 0.2172197 0.2157875 0.1910471 0.2185424 0.2235795 0.0999002 0.0999002 0.0831158 0.0620580 0.2233525 0.2208902 0.2146772 0.0831728 0.0831728 0.0827952 0.0000000 0.2424858 0.2413449 0.2416715 0.2416715 0.2228459 0.2482644 0.2482644 0.2431857 0.2520951 0.2508514 0.3465590 0.6707990 0.2185424 0.2211000 0.0645962 0.2398758 0.1912041 0.2463577 0.2224741 0.0645128 0.2422303 0.2594027 0.0742167 0.2473105 0.1755830 0.1855104 0.1753600 0.2029095 0.1769537 0.2260003 0.2676999 0.2195465 0.2194930 0.2210834 0.2399263 0.2393465 0.2808592 0.2522295 0.1988668 0.0635113 0.0659811 0.1790722 0.1848308 0.2031588 0.2036403 0.2051784 0.2372124 0.2380334 0.2458166 0.2279996 0.2197746 0.1962426 0.2547176 0.2498457 0.2403156 0.1787176 0.2500603 0.2236892 0.2360638 0.2195290 0.1976076 0.0691146 0.2482766 0.4796388 0.6247647 
GCA_009467855.1_FFHDGLOA_00684      0.2062354 0.1938526 0.0018949 0.1178566 0.2349870 0.2381580 0.2315821 0.2322323 0.2510279 0.2637330 0.2637330 0.2750391 0.2669895 0.2422390 0.2419568 0.2390411 0.2753203 0.2753203 0.2756676 0.2424858 0.0000000 0.0014196 0.0226960 0.0226960 0.1118642 0.1184570 0.1184570 0.2496728 0.1235985 0.1960746 0.3425158 0.6303334 0.2322323 0.2358629 0.2617526 0.0237115 0.2517721 0.2513272 0.2507604 0.2620129 0.0201327 0.1192291 0.2461002 0.1336056 0.2502340 0.2347567 0.2498899 0.2650898 0.2273466 0.1138770 0.1532549 0.1112177 0.1084199 0.1385513 0.1500467 0.1591295 0.2016336 0.1394173 0.2650946 0.2299965 0.2337007 0.2542084 0.2663919 0.2458693 0.2489324 0.2473084 0.1196951 0.1227867 0.2593101 0.2493767 0.2562597 0.2054164 0.2492829 0.1266303 0.1225575 0.2491330 0.2404901 0.2790762 0.0032617 0.0018442 0.2101365 0.2526586 0.0288922 0.5207658 0.6804357 
2687453699_PEBOPBNB_00179           0.2053954 0.1943776 0.0004720 0.1181252 0.2334396 0.2366294 0.2322436 0.2306884 0.2494693 0.2638576 0.2638576 0.2758875 0.2660471 0.2425219 0.2422398 0.2375113 0.2761707 0.2761707 0.2765222 0.2413449 0.0014196 0.0000000 0.0221869 0.0221869 0.1097565 0.1177861 0.1177861 0.2497507 0.1238835 0.1966086 0.3413854 0.6248322 0.2306884 0.2341350 0.2608219 0.0232010 0.2502041 0.2520701 0.2492029 0.2610809 0.0196268 0.1195013 0.2421731 0.1307426 0.2459858 0.2338649 0.2456490 0.2606462 0.2232667 0.1140217 0.1522609 0.1083289 0.1055522 0.1387468 0.1490568 0.1557303 0.2019845 0.1362095 0.2606527 0.2258984 0.2295739 0.2498278 0.2618976 0.2428426 0.2458346 0.2442742 0.1187908 0.1218921 0.2585094 0.2485806 0.2554881 0.2019152 0.2484824 0.1257364 0.1216549 0.2452550 0.2396777 0.2748981 0.0016254 0.0000010 0.2064911 0.2486613 0.0283739 0.5193221 0.6782517 
GCA_000585075.1_LMKBKINC_00287      0.1993263 0.1887990 0.0216698 0.1125991 0.2206847 0.2317937 0.2298643 0.2197652 0.2510380 0.2634672 0.2634672 0.2689270 0.2596254 0.2369826 0.2366933 0.2326712 0.2692000 0.2692000 0.2680135 0.2416715 0.0226960 0.0221869 0.0000000 0.0000010 0.1063694 0.1136588 0.1136588 0.2409325 0.1181556 0.1909897 0.3298738 0.6342237 0.2197652 0.2373603 0.2542735 0.0057263 0.2493629 0.2395260 0.2507698 0.2545240 0.0023721 0.1139609 0.2353435 0.1236416 0.2446773 0.2231244 0.2443406 0.2428992 0.2195111 0.1036105 0.1550323 0.1021114 0.0993562 0.1378682 0.1447409 0.1430668 0.1804130 0.1340842 0.2390344 0.2223445 0.2260047 0.2528433 0.2640484 0.2437072 0.2467652 0.2451623 0.1143041 0.1150967 0.2461232 0.2584417 0.2459046 0.1934623 0.2285526 0.1186574 0.1143296 0.2422156 0.2235276 0.2569582 0.0346918 0.0342127 0.1936274 0.2404720 0.0057216 0.5228713 0.6677484 
GCA_002455435.1_LJMNPMKE_00197      0.1993263 0.1887990 0.0216698 0.1125991 0.2206847 0.2317937 0.2298643 0.2197652 0.2510380 0.2634672 0.2634672 0.2689270 0.2596254 0.2369826 0.2366933 0.2326712 0.2692000 0.2692000 0.2680135 0.2416715 0.0226960 0.0221869 0.0000010 0.0000000 0.1063694 0.1136588 0.1136588 0.2409325 0.1181556 0.1909897 0.3298738 0.6342237 0.2197652 0.2373603 0.2542735 0.0057263 0.2493629 0.2395260 0.2507698 0.2545240 0.0023721 0.1139609 0.2353435 0.1236416 0.2446773 0.2231244 0.2443406 0.2428992 0.2195111 0.1036105 0.1550323 0.1021114 0.0993562 0.1378682 0.1447409 0.1430668 0.1804130 0.1340842 0.2390344 0.2223445 0.2260047 0.2528433 0.2640484 0.2437072 0.2467652 0.2451623 0.1143041 0.1150967 0.2461232 0.2584417 0.2459046 0.1934623 0.2285526 0.1186574 0.1143296 0.2422156 0.2235276 0.2569582 0.0346918 0.0342127 0.1936274 0.2404720 0.0057216 0.5228713 0.6677484 
GCA_000987445.1_DIPJCKAO_01419      0.1961515 0.1825246 0.1094870 0.0898791 0.2369756 0.2291231 0.2251960 0.2389909 0.2390987 0.2630941 0.2630941 0.2638467 0.2629666 0.2350259 0.2347377 0.2299853 0.2652925 0.2652925 0.2655988 0.2228459 0.1118642 0.1097565 0.1063694 0.1063694 0.0000000 0.0732709 0.0732709 0.2444468 0.0939757 0.1874644 0.3293453 0.6360145 0.2389909 0.2288846 0.2498971 0.1076492 0.2547134 0.2504403 0.2406474 0.2501400 0.1055613 0.0911571 0.2409116 0.0753218 0.2211945 0.2159263 0.2208999 0.2217828 0.2049593 0.0512073 0.1622641 0.0465662 0.0442503 0.1435838 0.1523629 0.1483292 0.1875850 0.1354976 0.2225650 0.2185294 0.2222414 0.2455543 0.2437920 0.1996328 0.2017588 0.2010117 0.0879637 0.0910350 0.2389241 0.2313493 0.2217633 0.1982388 0.2440462 0.1029828 0.0909078 0.2316254 0.2457560 0.2455493 0.1115235 0.1034270 0.2057761 0.2366703 0.1089889 0.5100589 0.6681288 
GCA_000585055.1_JMBGGNHN_01742      0.2054257 0.2061019 0.1185331 0.0958708 0.2446280 0.2425438 0.2433617 0.2462190 0.2613102 0.2833165 0.2833165 0.2722039 0.2741018 0.2537672 0.2535001 0.2447720 0.2736689 0.2736689 0.2740072 0.2482644 0.1184570 0.1177861 0.1136588 0.1136588 0.0732709 0.0000000 0.0000010 0.2593064 0.1030439 0.2096758 0.3529282 0.6620952 0.2462190 0.2453590 0.2628604 0.1149717 0.2625421 0.2637563 0.2615273 0.2631215 0.1141642 0.0964064 0.2607179 0.0018525 0.2382564 0.2330045 0.2379306 0.2323090 0.2338071 0.0647861 0.1595055 0.0647002 0.0622565 0.1465832 0.1573733 0.1568849 0.1984557 0.1523836 0.2331551 0.2436540 0.2475076 0.2646336 0.2678767 0.2381517 0.2410629 0.2395855 0.1016681 0.0996597 0.2526923 0.2551422 0.2367629 0.2112846 0.2710498 0.1156581 0.0962537 0.2561525 0.2727101 0.2712228 0.1297733 0.1229242 0.2223942 0.2652967 0.1163041 0.5314699 0.6724672 
GCA_002352265.1_FOOMNIKE_04153      0.2054257 0.2061019 0.1185331 0.0958708 0.2446280 0.2425438 0.2433617 0.2462190 0.2613102 0.2833165 0.2833165 0.2722039 0.2741018 0.2537672 0.2535001 0.2447720 0.2736689 0.2736689 0.2740072 0.2482644 0.1184570 0.1177861 0.1136588 0.1136588 0.0732709 0.0000010 0.0000000 0.2593064 0.1030439 0.2096758 0.3529282 0.6620952 0.2462190 0.2453590 0.2628604 0.1149717 0.2625421 0.2637563 0.2615273 0.2631215 0.1141642 0.0964064 0.2607179 0.0018525 0.2382564 0.2330045 0.2379306 0.2323090 0.2338071 0.0647861 0.1595055 0.0647002 0.0622565 0.1465832 0.1573733 0.1568849 0.1984557 0.1523836 0.2331551 0.2436540 0.2475076 0.2646336 0.2678767 0.2381517 0.2410629 0.2395855 0.1016681 0.0996597 0.2526923 0.2551422 0.2367629 0.2112846 0.2710498 0.1156581 0.0962537 0.2561525 0.2727101 0.2712228 0.1297733 0.1229242 0.2223942 0.2652967 0.1163041 0.5314699 0.6724672 
GCA_900089955.1_LKKGGHDO_04133      0.2271594 0.2262126 0.2486140 0.2556356 0.1962888 0.1956973 0.1925481 0.1932029 0.2082736 0.2599961 0.2599961 0.2697312 0.2672086 0.2065520 0.2066982 0.1965083 0.2711966 0.2711966 0.2715267 0.2431857 0.2496728 0.2497507 0.2409325 0.2409325 0.2444468 0.2593064 0.2593064 0.0000000 0.2546968 0.2289977 0.3708563 0.6675965 0.1932029 0.1997310 0.2704287 0.2422394 0.2133152 0.2132733 0.2084769 0.2711078 0.2395194 0.2555473 0.2554455 0.2386434 0.2245262 0.1840503 0.2242220 0.1952819 0.2211155 0.2296218 0.2678831 0.2223115 0.2222582 0.2307333 0.2636122 0.2638938 0.2876041 0.2591534 0.1896659 0.2501432 0.2541119 0.2210144 0.2284856 0.1966879 0.1947789 0.1986509 0.2630308 0.2480743 0.1992398 0.2213043 0.1940974 0.1668722 0.2161859 0.2698102 0.2497936 0.2227555 0.2114962 0.2391773 0.2611142 0.2515886 0.1869022 0.2651823 0.2471647 0.5277157 0.7032316 
GCA_003332265.1_BFLDHLJO_03541      0.2119758 0.2028786 0.1235762 0.0300654 0.2486429 0.2277127 0.2242336 0.2518717 0.2338735 0.2742698 0.2742698 0.2789262 0.2773767 0.2245608 0.2208922 0.2268216 0.2792083 0.2792083 0.2795647 0.2520951 0.1235985 0.1238835 0.1181556 0.1181556 0.0939757 0.1030439 0.1030439 0.2546968 0.0000000 0.2087023 0.3521666 0.6809333 0.2518717 0.2238520 0.2741753 0.1176556 0.2691856 0.2501527 0.2336249 0.2749267 0.1173004 0.0306897 0.2742549 0.1146181 0.2241754 0.2281579 0.2238786 0.2558299 0.2258211 0.1015357 0.1709119 0.0936734 0.0936565 0.1556575 0.1693155 0.1715448 0.2006726 0.1512727 0.2489948 0.2668923 0.2708418 0.2666284 0.2749887 0.2424126 0.2453965 0.2438441 0.0185417 0.0326351 0.2537967 0.2479336 0.2401150 0.2215666 0.2641477 0.0185013 0.0379591 0.2614876 0.2679961 0.2740349 0.1287913 0.1254803 0.2388523 0.2928308 0.1187797 0.5243583 0.6988635 
GCA_003538495.1_COGBHOPJ_04777      0.1732278 0.0096563 0.1956224 0.2030498 0.2110501 0.2228751 0.2144531 0.2127280 0.2387170 0.2773199 0.2773199 0.2708286 0.2761017 0.2333239 0.2352960 0.2237366 0.2717861 0.2717861 0.2721197 0.2508514 0.1960746 0.1966086 0.1909897 0.1909897 0.1874644 0.2096758 0.2096758 0.2289977 0.2087023 0.0000000 0.3330757 0.6171861 0.2127280 0.2220671 0.2712934 0.1867098 0.2485052 0.2344564 0.2384606 0.2684907 0.1891903 0.2047046 0.2756920 0.1964938 0.2358844 0.2321784 0.2355633 0.2471974 0.2390970 0.1661570 0.2011534 0.1781549 0.1747754 0.1868657 0.1977141 0.2040745 0.2262925 0.2002421 0.2466108 0.2553139 0.2593147 0.2473251 0.2494772 0.2426698 0.2457312 0.2449969 0.2000225 0.1889773 0.2441183 0.2328337 0.2218697 0.1983247 0.2362527 0.2164669 0.1919604 0.2265281 0.2380025 0.2365083 0.1871200 0.1856889 0.2070135 0.2735948 0.1939970 0.5004743 0.6631331 
GCA_001897745.1_LNFOKPNO_00497      0.3451284 0.3252870 0.3398393 0.3453589 0.3337153 0.3780771 0.3776358 0.3379512 0.3992856 0.3669062 0.3669062 0.3688921 0.3723837 0.3862201 0.3876402 0.3792565 0.3660691 0.3660691 0.3668590 0.3465590 0.3425158 0.3413854 0.3298738 0.3298738 0.3293453 0.3529282 0.3529282 0.3708563 0.3521666 0.3330757 0.0000000 0.5222174 0.3379512 0.3619995 0.3526389 0.3297659 0.3838890 0.3730129 0.3988715 0.3530880 0.3301592 0.3474514 0.3075015 0.2600941 0.3343873 0.2861572 0.3338661 0.3207905 0.3181585 0.2568717 0.2898493 0.2501286 0.2500630 0.2751339 0.2951127 0.2587120 0.3318496 0.2685642 0.3128029 0.2712147 0.2754305 0.2975271 0.3012494 0.2859459 0.2817169 0.2875227 0.2633506 0.2578716 0.3076266 0.3212470 0.3092530 0.2763238 0.3248811 0.2756213 0.2476225 0.2887012 0.3222778 0.3226931 0.2861515 0.2724294 0.2940864 0.3012351 0.3382123 0.3405680 0.4717095 
GCA_002304785.1_GBHPAPPJ_02574      0.6671991 0.6037889 0.6221808 0.6711550 0.6051499 0.6962794 0.6995797 0.6131119 0.7205839 0.6735343 0.6735343 0.6865771 0.7072955 0.7183646 0.7097611 0.6972332 0.6856096 0.6856096 0.6883779 0.6707990 0.6303334 0.6248322 0.6342237 0.6342237 0.6360145 0.6620952 0.6620952 0.6675965 0.6809333 0.6171861 0.5222174 0.0000000 0.6131119 0.6786618 0.6739084 0.6297689 0.6713699 0.6757042 0.7186560 0.6787459 0.6304051 0.6835521 0.6659026 0.6476239 0.6410808 0.5988506 0.6398196 0.6420976 0.6505297 0.6212212 0.5986228 0.6315135 0.6273303 0.6175330 0.5945427 0.6585276 0.6747979 0.6397972 0.6190866 0.6213697 0.6283373 0.5816917 0.5909112 0.5716047 0.5672488 0.5764023 0.6531569 0.6293610 0.6811718 0.6871878 0.6588428 0.5835587 0.6734567 0.6632048 0.6092212 0.6010848 0.6779793 0.6505308 0.6329101 0.6253067 0.6106094 0.6705874 0.6421315 0.6814631 0.8533117 
UW5_GNJGOIBN_01044                  0.2240848 0.2107319 0.2318003 0.2554345 0.0057285 0.2146016 0.2128813 0.0000010 0.2253655 0.2343198 0.2343198 0.2305382 0.2359146 0.2252295 0.2242883 0.2149917 0.2314053 0.2314053 0.2315799 0.2185424 0.2322323 0.2306884 0.2197652 0.2197652 0.2389909 0.2462190 0.2462190 0.1932029 0.2518717 0.2127280 0.3379512 0.6131119 0.0000000 0.2051809 0.2307638 0.2153871 0.2022914 0.2167386 0.2251170 0.2300247 0.2219980 0.2546948 0.2159392 0.2241787 0.1895721 0.1897644 0.1893198 0.2040715 0.1858158 0.2232933 0.2401039 0.2249413 0.2211807 0.2345232 0.2474868 0.2304931 0.2769654 0.2258792 0.1979862 0.1974917 0.2010934 0.1880893 0.1932328 0.1960221 0.1964437 0.1980101 0.2360828 0.2327269 0.2156431 0.2371244 0.2207524 0.0314585 0.2081331 0.2494988 0.2132811 0.1827239 0.2066814 0.2183156 0.2194589 0.2081265 0.0009215 0.2096001 0.2246570 0.4938478 0.6557838 
UW6_NHBDKAOG_02407                  0.2258632 0.2200220 0.2328968 0.2280956 0.2050039 0.0506881 0.0800412 0.2051809 0.0015977 0.2456202 0.2456202 0.2434456 0.2334565 0.0366081 0.0366081 0.0513103 0.2449780 0.2449780 0.2452297 0.2211000 0.2358629 0.2341350 0.2373603 0.2373603 0.2288846 0.2453590 0.2453590 0.1997310 0.2238520 0.2220671 0.3619995 0.6786618 0.2051809 0.0000000 0.2405085 0.2330147 0.1836064 0.1997909 0.0000010 0.2367361 0.2378257 0.2268088 0.2515923 0.2653305 0.1851653 0.2037649 0.1849247 0.2120337 0.2117220 0.2427811 0.2958833 0.2363226 0.2324233 0.2533863 0.2977113 0.2805425 0.3043473 0.2698570 0.2055033 0.2600653 0.2640225 0.1900632 0.2000791 0.2180259 0.2204994 0.2201377 0.2456275 0.2500172 0.2037821 0.0008927 0.0381971 0.2265668 0.2288057 0.2603592 0.2495974 0.1827803 0.2312868 0.2129681 0.2566412 0.2467423 0.2385625 0.2668100 0.2396955 0.4773357 0.6791229 
UW7_CEKMHFBL_01627                  0.2358482 0.2621740 0.2620195 0.2694070 0.2274202 0.2249878 0.2119967 0.2307638 0.2444777 0.1158546 0.1158546 0.1066544 0.0643001 0.2319645 0.2317396 0.2240955 0.1067181 0.1067181 0.1064826 0.0645962 0.2617526 0.2608219 0.2542735 0.2542735 0.2498971 0.2628604 0.2628604 0.2704287 0.2741753 0.2712934 0.3526389 0.6739084 0.2307638 0.2405085 0.0000000 0.2515566 0.2160689 0.2569600 0.2435699 0.0033380 0.2565566 0.2692771 0.0559961 0.2664941 0.1902801 0.1889685 0.1900366 0.2047703 0.1757762 0.2364111 0.2828238 0.2336689 0.2336104 0.2320048 0.2542478 0.2396995 0.2929885 0.2411329 0.2000088 0.0000010 0.0019941 0.1848058 0.1838127 0.1960065 0.1963779 0.1980151 0.2666508 0.2633362 0.2381849 0.2572748 0.2317360 0.2026175 0.2595982 0.2827103 0.2661429 0.1924266 0.2549290 0.2277173 0.2553988 0.2363671 0.1976388 0.0074773 0.2607451 0.5167289 0.6879546 
UW4_BBLLADNB_00506                  0.1996918 0.1845504 0.0226822 0.1121005 0.2162973 0.2280060 0.2278733 0.2153871 0.2470291 0.2649763 0.2649763 0.2678306 0.2623987 0.2331555 0.2328628 0.2288750 0.2681015 0.2681015 0.2684208 0.2398758 0.0237115 0.0232010 0.0057263 0.0057263 0.1076492 0.1149717 0.1149717 0.2422394 0.1176556 0.1867098 0.3297659 0.6297689 0.2153871 0.2330147 0.2515566 0.0000000 0.2492951 0.2417174 0.2467655 0.2518022 0.0033249 0.1134621 0.2314337 0.1264796 0.2422994 0.2253548 0.2419672 0.2452725 0.2217235 0.1051045 0.1568112 0.1035992 0.1008312 0.1395488 0.1430123 0.1413229 0.1823522 0.1387889 0.2413861 0.2164374 0.2200585 0.2493633 0.2604878 0.2476920 0.2508376 0.2491535 0.1161218 0.1169068 0.2501326 0.2543958 0.2420161 0.1931464 0.2293694 0.1204981 0.1144385 0.2408728 0.2209775 0.2573617 0.0365424 0.0373380 0.1884368 0.2364961 0.0115602 0.5266373 0.6713649 
coassembly-bin.12_NEBHPJKH_02141    0.2358541 0.2445554 0.2490573 0.2715052 0.2048118 0.1807002 0.1726652 0.2022914 0.1806956 0.2291038 0.2291038 0.2272202 0.2325531 0.1896410 0.1876879 0.1814830 0.2280645 0.2280645 0.2273521 0.1912041 0.2517721 0.2502041 0.2493629 0.2493629 0.2547134 0.2625421 0.2625421 0.2133152 0.2691856 0.2485052 0.3838890 0.6713699 0.2022914 0.1836064 0.2160689 0.2492951 0.0000000 0.2377828 0.1804993 0.2179720 0.2497619 0.2694583 0.2214008 0.2671958 0.1712284 0.1874888 0.1710111 0.2082236 0.1831942 0.2670359 0.2749019 0.2532756 0.2532103 0.2556580 0.2618868 0.2629703 0.2845055 0.2633541 0.1995801 0.1842354 0.1875913 0.0111749 0.0164124 0.1811648 0.1828836 0.1830169 0.2650267 0.2481778 0.2195136 0.1855521 0.1802816 0.1813915 0.2381073 0.2673858 0.2546512 0.0128287 0.2462821 0.1787394 0.2570280 0.2433377 0.1937543 0.2010457 0.2546035 0.5462024 0.6796242 
POS2015-08-06-bin.38_GJNGNMCM_02976 0.2287821 0.2305514 0.2509180 0.2486886 0.2197124 0.1961897 0.1890149 0.2167386 0.2080643 0.2478558 0.2478558 0.2588936 0.2567541 0.2036496 0.2046667 0.1953462 0.2603373 0.2603373 0.2606268 0.2463577 0.2513272 0.2520701 0.2395260 0.2395260 0.2504403 0.2637563 0.2637563 0.2132733 0.2501527 0.2344564 0.3730129 0.6757042 0.2167386 0.1997909 0.2569600 0.2417174 0.2377828 0.0000000 0.2082670 0.2574149 0.2417616 0.2486069 0.2690415 0.2833076 0.2091916 0.2286288 0.2089131 0.2327757 0.2174415 0.2618225 0.2718514 0.2501130 0.2500488 0.2361928 0.2701186 0.2646374 0.2937415 0.2680989 0.2289684 0.2591068 0.2631517 0.2454385 0.2485757 0.2235915 0.2261958 0.2257526 0.2537296 0.2537214 0.1127929 0.2218519 0.2057215 0.1901045 0.0090895 0.2677079 0.2590563 0.2315096 0.0128599 0.2401179 0.2383202 0.2444239 0.2074279 0.2720686 0.2409804 0.5108502 0.6897602 
coassembly-bin.185_DDNMEPEE_00732   0.2422955 0.2357082 0.2480653 0.2436690 0.2251512 0.0512072 0.0832603 0.2251170 0.0014113 0.2465346 0.2465346 0.2481461 0.2378583 0.0352445 0.0320670 0.0517599 0.2495247 0.2495247 0.2497661 0.2224741 0.2507604 0.2492029 0.2507698 0.2507698 0.2406474 0.2615273 0.2615273 0.2084769 0.2336249 0.2384606 0.3988715 0.7186560 0.2251170 0.0000010 0.2435699 0.2467655 0.1804993 0.2082670 0.0000000 0.2410357 0.2511624 0.2424816 0.2515923 0.2653305 0.1851653 0.2037649 0.1849247 0.2120337 0.2117220 0.2427811 0.2958833 0.2363226 0.2324233 0.2533863 0.2977113 0.2805425 0.3043473 0.2698570 0.2055033 0.2600653 0.2640225 0.1900632 0.2000791 0.2180259 0.2204994 0.2201377 0.2456275 0.2500172 0.2037821 0.0008927 0.0381971 0.2265668 0.2288057 0.2603592 0.2495974 0.1827803 0.2312868 0.2129681 0.2637871 0.2467423 0.2385625 0.2668100 0.2537965 0.5303131 0.7076331 
POS2015-07-24-bin.16_KIDBIGLJ_02792 0.2331407 0.2594385 0.2622805 0.2672623 0.2266821 0.2251900 0.2096673 0.2300247 0.2419386 0.1149867 0.1149867 0.1058247 0.0629165 0.2295113 0.2292903 0.2242965 0.1058877 0.1058877 0.1056501 0.0645128 0.2620129 0.2610809 0.2545240 0.2545240 0.2501400 0.2631215 0.2631215 0.2711078 0.2749267 0.2684907 0.3530880 0.6787459 0.2300247 0.2367361 0.0033380 0.2518022 0.2179720 0.2574149 0.2410357 0.0000000 0.2568099 0.2671409 0.0536568 0.2617788 0.1862410 0.1848076 0.1860040 0.2003509 0.1718903 0.2355055 0.2776176 0.2327702 0.2327121 0.2273466 0.2494288 0.2382685 0.2915577 0.2383236 0.1956685 0.0020004 0.0040128 0.1889710 0.1879853 0.1953332 0.1956927 0.1973325 0.2621351 0.2589085 0.2373207 0.2527961 0.2275285 0.1986481 0.2550264 0.2780530 0.2616146 0.1962583 0.2504048 0.2235552 0.2514063 0.2320665 0.1936165 0.0074986 0.2610049 0.5226345 0.6860547 
POS2015-07-24-bin.54_CBBJMKLB_01263 0.2008543 0.1870144 0.0191152 0.1117643 0.2229189 0.2322136 0.2302854 0.2219980 0.2514303 0.2638367 0.2638367 0.2692915 0.2619210 0.2373931 0.2371049 0.2330896 0.2695644 0.2695644 0.2698892 0.2422303 0.0201327 0.0196268 0.0023721 0.0023721 0.1055613 0.1141642 0.1141642 0.2395194 0.1173004 0.1891903 0.3301592 0.6304051 0.2219980 0.2378257 0.2565566 0.0033249 0.2497619 0.2417616 0.2511624 0.2568099 0.0000000 0.1131218 0.2370730 0.1249830 0.2446773 0.2231244 0.2443406 0.2428992 0.2195111 0.1036105 0.1550323 0.1021114 0.0993562 0.1378682 0.1447409 0.1430668 0.1804130 0.1340842 0.2390344 0.2223445 0.2260047 0.2528433 0.2640484 0.2454838 0.2485780 0.2469405 0.1155805 0.1163659 0.2479086 0.2602073 0.2476137 0.1950329 0.2302461 0.1199390 0.1156042 0.2439401 0.2218138 0.2587366 0.0337780 0.0342127 0.1936274 0.2422256 0.0081407 0.5303440 0.6732157 
Delftensis_ppk1                     0.2119595 0.1990725 0.1192057 0.0023791 0.2502492 0.2323630 0.2411630 0.2546948 0.2422693 0.2792997 0.2792997 0.2713596 0.2747590 0.2310821 0.2307902 0.2314677 0.2716305 0.2716305 0.2719573 0.2594027 0.1192291 0.1195013 0.1139609 0.1139609 0.0911571 0.0964064 0.0964064 0.2555473 0.0306897 0.2047046 0.3474514 0.6835521 0.2546948 0.2268088 0.2692771 0.1134621 0.2694583 0.2486069 0.2424816 0.2671409 0.1131218 0.0000000 0.2699549 0.1045889 0.2357896 0.2242053 0.2354765 0.2530891 0.2278454 0.0894641 0.1683221 0.0813511 0.0813368 0.1520884 0.1554243 0.1689970 0.2030457 0.1464933 0.2491894 0.2537159 0.2575700 0.2529951 0.2639105 0.2411962 0.2441550 0.2426263 0.0326890 0.0000010 0.2508552 0.2527910 0.2530670 0.2233780 0.2568338 0.0368305 0.0410227 0.2484295 0.2606648 0.2684530 0.1270956 0.1221376 0.2406309 0.2859047 0.1168629 0.5165918 0.6813359 
HM046427.1                          0.2371422 0.2697970 0.2421731 0.2691756 0.2165024 0.2275376 0.2022669 0.2159392 0.2516107 0.1154459 0.1154459 0.1103022 0.0018481 0.2404729 0.2404729 0.2223330 0.1104311 0.1104311 0.1104311 0.0742167 0.2461002 0.2421731 0.2353435 0.2353435 0.2409116 0.2607179 0.2607179 0.2554455 0.2742549 0.2756920 0.3075015 0.6659026 0.2159392 0.2515923 0.0559961 0.2314337 0.2214008 0.2690415 0.2515923 0.0536568 0.2370730 0.2699549 0.0000000 0.2659036 0.1853143 0.1941369 0.1850808 0.2033708 0.1691581 0.2541304 0.2825066 0.2475661 0.2436216 0.2258994 0.2495735 0.2614871 0.2915726 0.2504537 0.1943167 0.0556973 0.0580575 0.2084487 0.2110226 0.2150043 0.2133128 0.2150043 0.2750763 0.2699549 0.2549012 0.2533839 0.2356612 0.2164530 0.2738851 0.2887449 0.2771598 0.2176078 0.2689800 0.2325793 0.2457755 0.2404950 0.2122235 0.0604716 0.2426676 0.3703643 0.5358949 
HM046429.1                          0.1960619 0.1938220 0.1307426 0.1032031 0.2242907 0.2392848 0.2364171 0.2241787 0.2630408 0.2708525 0.2708525 0.2654921 0.2622581 0.2475769 0.2475769 0.2437323 0.2682900 0.2682900 0.2682900 0.2473105 0.1336056 0.1307426 0.1236416 0.1236416 0.0753218 0.0018525 0.0018525 0.2386434 0.1146181 0.1964938 0.2600941 0.6476239 0.2241787 0.2653305 0.2664941 0.1264796 0.2671958 0.2833076 0.2653305 0.2617788 0.1249830 0.1045889 0.2659036 0.0000000 0.2387352 0.2334734 0.2384081 0.2327763 0.2342737 0.0674453 0.1634189 0.0647797 0.0623324 0.1468199 0.1612470 0.1608031 0.2016732 0.1562032 0.2336265 0.2490121 0.2529175 0.2651911 0.2684457 0.2515466 0.2497146 0.2515466 0.1050722 0.1045889 0.2618500 0.2671899 0.2495394 0.2215668 0.2853937 0.1213659 0.1010516 0.2692635 0.2870710 0.2844216 0.1334892 0.1284887 0.2279105 0.2705776 0.1279543 0.4193373 0.4793867 
EU432714.1                          0.2336527 0.2282309 0.2459858 0.2344243 0.1902791 0.1726972 0.1453006 0.1895721 0.1834843 0.1953101 0.1953101 0.2133456 0.1820641 0.1762300 0.1762300 0.1710159 0.2160043 0.2160043 0.2160043 0.1755830 0.2502340 0.2459858 0.2446773 0.2446773 0.2211945 0.2382564 0.2382564 0.2245262 0.2241754 0.2358844 0.3343873 0.6410808 0.1895721 0.1851653 0.1902801 0.2422994 0.1712284 0.2091916 0.1851653 0.1862410 0.2446773 0.2357896 0.1853143 0.2387352 0.0000000 0.1607196 0.0019868 0.1964633 0.0610845 0.2390901 0.2600426 0.2246937 0.2246399 0.2226160 0.2453882 0.2404879 0.2721549 0.2390873 0.1881012 0.1902801 0.1936444 0.1694712 0.1783580 0.1803832 0.1787075 0.1803832 0.2276028 0.2357896 0.1961819 0.1868638 0.1854358 0.1768166 0.2158974 0.2344232 0.2407429 0.1695639 0.2132613 0.1880332 0.2498770 0.2459858 0.1895721 0.1918402 0.2483205 0.4098131 0.6009836 
